,Year,Month,Day,count
0,2014,9,6,2316
1,2014,9,7,9832
2,2014,9,8,7960
3,2014,9,9,9874
4,2014,9,10,6088
5,2014,9,11,10300
6,2014,9,12,8472
7,2014,9,13,3472
8,2014,9,14,9084
9,2014,9,15,14229
10,2014,9,16,8327
11,2014,9,17,6005
12,2014,9,18,10792
13,2014,9,19,12486
14,2014,9,20,8841
15,2014,9,21,14482
16,2014,9,22,11415
17,2014,9,23,10367
18,2014,9,24,5957
19,2014,9,25,8867
20,2014,9,26,8
21,2014,10,2,10854
22,2014,10,3,4856
23,2014,10,4,7629
24,2014,10,5,13353
25,2014,10,6,5156
26,2014,10,7,10342
27,2014,10,8,7042
28,2014,10,9,6664
29,2014,10,10,7166
30,2014,10,11,11991
31,2014,10,12,3869
32,2014,10,13,3624
33,2014,10,14,4104
34,2014,10,15,5102
35,2014,10,16,3943
36,2014,10,17,4885
37,2014,10,18,4107
38,2014,10,19,1975
39,2014,10,20,5081
40,2014,10,21,9162
41,2014,10,22,6390
42,2014,10,28,15236
43,2014,10,29,11333
44,2014,10,30,11677
45,2014,10,31,6291
46,2014,11,1,6843
47,2014,11,2,11724
48,2014,11,3,7483
49,2014,11,4,4931
50,2014,11,5,8602
51,2014,11,6,11791
52,2014,11,7,12963
53,2014,11,8,10949
54,2014,11,9,10669
55,2014,11,10,10301
56,2014,11,11,6350
57,2014,11,12,8461
58,2014,11,13,3542
59,2014,11,14,6222
60,2014,11,15,2703
61,2014,11,16,2749
62,2014,11,17,5449
63,2014,11,18,4333
64,2014,11,19,4333
65,2014,11,20,5105
66,2014,11,21,7452
67,2014,11,22,1415
68,2014,11,23,4456
69,2014,11,24,7900
70,2014,11,25,4849
71,2014,11,26,7298
72,2014,11,27,9565
73,2014,11,28,9125
74,2014,11,29,5799
75,2014,11,30,6565
76,2014,12,1,4396
77,2014,12,2,4547
78,2014,12,3,1644
79,2014,12,4,4047
80,2014,12,5,4174
81,2014,12,6,2457
82,2014,12,7,7982
83,2014,12,8,3649
84,2014,12,9,5262
85,2014,12,10,908
86,2014,12,11,9347
87,2014,12,12,2049
88,2014,12,13,261
89,2014,12,14,4451
90,2014,12,15,3169
91,2014,12,16,2293
92,2014,12,17,1001
93,2014,12,18,1547
94,2014,12,19,2167
95,2014,12,20,1629
96,2014,12,21,1986
97,2014,12,22,2790
98,2014,12,23,4709
99,2014,12,24,1858
100,2014,12,25,3830
101,2014,12,26,1340
102,2014,12,27,2044
103,2014,12,28,4272
104,2014,12,29,4729
105,2014,12,30,6860
106,2014,12,31,5045
107,2015,1,1,3111
108,2015,1,2,5748
109,2015,1,3,4253
110,2015,1,4,6434
111,2015,1,5,4880
112,2015,1,6,177
113,2015,1,10,4323
114,2015,1,11,4490
115,2015,1,12,3278
116,2015,1,13,7845
117,2015,1,14,3571
118,2015,1,15,3012
119,2015,1,16,2031
120,2015,1,25,2390
121,2015,1,26,1941
122,2015,1,27,9208
123,2015,1,28,5850
124,2015,1,30,4474
125,2015,1,31,4128
126,2015,2,1,4455
127,2015,2,2,5876
128,2015,2,3,5089
129,2015,2,4,5799
130,2015,2,5,4597
131,2015,2,6,7832
132,2015,2,7,13936
133,2015,2,8,13299
134,2015,2,9,9530
135,2015,2,10,12635
136,2015,2,11,10742
137,2015,2,12,11628
138,2015,2,13,13210
139,2015,2,14,10321
140,2015,2,15,2234
141,2015,2,16,7925
142,2015,2,17,2602
143,2015,2,18,6594
144,2015,2,19,8499
145,2015,2,20,3213
146,2015,2,21,3551
147,2015,2,22,1327
148,2015,2,23,4007
149,2015,2,24,1063
150,2015,2,25,4117
151,2015,2,26,3300
152,2015,2,27,4906
153,2015,2,28,2029
154,2015,3,1,2239
155,2015,3,2,1028
156,2015,3,3,6081
157,2015,3,4,8152
158,2015,3,5,14815
159,2015,3,6,9184
160,2015,3,7,12760
161,2015,3,8,8494
162,2015,3,9,13396
163,2015,3,10,13247
164,2015,3,11,10970
165,2015,3,12,11846
166,2015,3,13,8111
167,2015,3,14,7425
168,2015,3,15,8320
169,2015,3,16,6746
170,2015,3,17,12098
171,2015,3,18,9973
172,2015,3,19,5210
173,2015,3,20,6044
174,2015,3,21,3271
175,2015,3,22,2
176,2015,3,23,4482
177,2015,3,24,6803
178,2015,3,25,8137
179,2015,3,26,3082
180,2015,3,27,9912
181,2015,3,28,7729
182,2015,3,29,5461
183,2015,3,30,13432
184,2015,3,31,5888
185,2015,4,1,2497
186,2015,4,2,15
187,2015,4,3,4319
188,2015,4,4,8541
189,2015,4,5,5883
190,2015,4,6,8393
191,2015,4,7,5664
192,2015,4,8,4961
193,2015,4,9,4978
194,2015,4,10,12159
195,2015,4,11,12554
196,2015,4,12,15251
197,2015,4,13,13259
198,2015,4,14,14311
199,2015,4,15,12988
200,2015,4,16,6445
201,2015,4,17,13302
202,2015,4,18,10734
203,2015,4,19,16269
204,2015,5,7,3820
205,2015,5,8,3885
206,2015,5,9,8537
207,2015,5,10,2003
208,2015,5,12,5934
209,2015,5,13,7359
210,2015,5,14,6428
211,2015,5,15,424
212,2015,5,16,6659
213,2015,5,17,5008
214,2015,5,18,9329
215,2015,5,19,4793
216,2015,5,20,9008
217,2015,5,21,8345
218,2015,5,22,16461
219,2015,5,23,11934
220,2015,5,24,12579
221,2015,5,25,11810
222,2015,5,26,9027
223,2015,5,27,12730
224,2015,5,28,10473
225,2015,5,29,11330
226,2015,5,30,14698
227,2015,5,31,11075
228,2015,6,1,14029
229,2015,6,2,18915
230,2015,6,3,13604
231,2015,6,4,11021
232,2015,6,5,16232
233,2015,6,6,19304
234,2015,6,7,6026
235,2015,6,8,5904
236,2015,6,9,5971
237,2015,6,10,3938
238,2015,6,11,6309
239,2015,6,12,5080
240,2015,6,13,7710
241,2015,6,14,3111
242,2015,6,15,7549
243,2015,6,16,5042
244,2015,6,17,7983
245,2015,6,18,9081
246,2015,6,19,9304
247,2015,6,20,12223
248,2015,6,21,7198
249,2015,6,22,7217
250,2015,6,23,17822
251,2015,6,24,18950
252,2015,6,25,13829
253,2015,6,26,14435
254,2015,6,27,10207
255,2015,6,28,23263
256,2015,6,29,13103
257,2015,6,30,7652
258,2015,7,1,9403
259,2015,7,2,11781
260,2015,7,3,5560
261,2015,7,4,5897
262,2015,7,5,4745
263,2015,7,6,8975
264,2015,7,7,4446
265,2015,7,8,8540
266,2015,7,9,9765
267,2015,7,10,8748
268,2015,7,11,6253
269,2015,7,12,8092
270,2015,7,13,7898
271,2015,7,14,10088
272,2015,7,15,6898
273,2015,7,16,13932
274,2015,7,17,7865
275,2015,7,18,6831
276,2015,7,19,11076
277,2015,7,20,10342
278,2015,7,21,10438
279,2015,7,22,10432
280,2015,7,23,9386
281,2015,7,24,11488
282,2015,7,25,12839
283,2015,7,26,12411
284,2015,7,27,9639
285,2015,7,28,7940
286,2015,7,29,11439
287,2015,7,30,13409
288,2015,7,31,9654
289,2015,8,1,11364
290,2015,8,2,10404
291,2015,8,3,12442
292,2015,8,4,11962
293,2015,8,5,10665
294,2015,8,6,11065
295,2015,8,7,11913
296,2015,8,8,9992
297,2015,8,9,12939
298,2015,8,10,18961
299,2015,8,11,10246
300,2015,8,12,14098
301,2015,8,13,13621
302,2015,8,14,10188
303,2015,8,15,6784
304,2015,8,16,7329
305,2015,8,17,7731
306,2015,8,18,9645
307,2015,8,19,2846
308,2015,8,20,12290
309,2015,8,21,6992
310,2015,8,22,12884
311,2015,8,23,7225
312,2015,8,24,5860
313,2015,8,25,12679
314,2015,8,26,4950
315,2015,8,27,6968
316,2015,8,28,7358
317,2015,8,29,7872
318,2015,8,30,8863
319,2015,8,31,12846
320,2015,9,1,12198
321,2015,9,2,9987
322,2015,9,3,11657
323,2015,9,4,9216
324,2015,9,5,5706
325,2015,9,6,13637
326,2015,9,7,11030
327,2015,9,8,10346
328,2015,9,9,6713
329,2015,9,10,8178
330,2015,9,11,14095
331,2015,9,12,5843
332,2015,9,13,11983
333,2015,9,14,13794
334,2015,9,15,7914
335,2015,9,16,9944
336,2015,9,17,11430
337,2015,9,18,16935
338,2015,9,19,19667
339,2015,9,20,10150
340,2015,9,21,14732
341,2015,9,22,7706
342,2015,9,23,13917
343,2015,9,24,6965
344,2015,9,25,14083
345,2015,9,26,13834
346,2015,9,27,8503
347,2015,9,28,1633
348,2015,10,7,7865
349,2015,10,8,6160
350,2015,10,9,5835
351,2015,10,10,14908
352,2015,10,11,12759
353,2015,10,12,11885
354,2015,10,13,11936
355,2015,10,14,10635
356,2015,10,15,12611
357,2015,10,16,10911
358,2015,10,17,11919
359,2015,10,18,13779
360,2015,10,19,11610
361,2015,10,20,11058
362,2015,10,21,10755
363,2015,10,22,7228
364,2015,10,23,7946
365,2015,10,24,6035
366,2015,10,25,6080
367,2015,11,2,11331
368,2015,11,3,11019
369,2015,11,4,7262
370,2015,11,5,4937
371,2015,11,6,9546
372,2015,11,7,4902
373,2015,11,8,12979
374,2015,11,9,7020
375,2015,11,10,5279
376,2015,11,11,5896
377,2015,11,12,12743
378,2015,11,13,13287
379,2015,11,14,9985
380,2015,11,15,8729
381,2015,11,16,7866
382,2015,11,17,7332
383,2015,11,18,8119
384,2015,11,19,9939
385,2015,11,20,8428
386,2015,11,21,8518
387,2015,11,22,11231
388,2015,11,23,8488
389,2015,11,24,7024
390,2015,11,26,4000
391,2015,11,27,4135
392,2015,11,28,6907
393,2015,11,29,6253
394,2015,11,30,7535
395,2015,12,1,7003
396,2015,12,2,7700
397,2015,12,3,12110
398,2015,12,4,10556
399,2015,12,5,10867
400,2015,12,6,9117
401,2015,12,7,8408
402,2015,12,8,7444
403,2015,12,9,4805
404,2015,12,10,4897
405,2015,12,11,4737
406,2015,12,12,3540
407,2015,12,13,330
408,2015,12,14,7165
409,2015,12,15,13846
410,2015,12,16,6232
411,2015,12,17,8250
412,2015,12,18,6092
413,2015,12,19,9958
414,2015,12,20,1488
415,2015,12,26,6636
416,2015,12,27,1356
417,2015,12,28,8135
418,2015,12,29,6027
419,2015,12,30,2867
420,2015,12,31,5758
421,2016,1,1,3589
422,2016,1,2,7341
423,2016,1,3,9173
424,2016,1,4,8568
425,2016,1,5,5114
426,2016,1,6,6674
427,2016,1,7,1614
428,2016,1,8,5885
429,2016,1,9,4597
430,2016,1,10,3435
431,2016,1,11,8601
432,2016,1,12,6508
433,2016,1,13,8223
434,2016,1,14,4238
435,2016,1,15,4039
436,2016,1,16,5528
437,2016,1,17,5898
438,2016,1,18,9521
439,2016,1,19,4015
440,2016,1,20,9133
441,2016,1,21,1850
442,2016,1,22,5986
443,2016,1,23,4513
444,2016,1,24,6625
445,2016,1,25,4250
446,2016,1,26,7819
447,2016,1,27,10342
448,2016,1,28,8990
449,2016,1,29,13611
450,2016,1,30,6282
451,2016,1,31,6298
452,2016,2,1,5749
453,2016,2,2,9977
454,2016,2,3,10712
455,2016,2,4,7170
456,2016,2,5,11143
457,2016,2,6,12809
458,2016,2,7,6902
459,2016,2,8,8892
460,2016,2,9,12094
461,2016,2,10,5836
462,2016,2,11,8508
463,2016,2,12,15086
464,2016,2,13,10083
465,2016,2,14,9467
466,2016,2,15,5923
467,2016,2,16,7430
468,2016,2,17,5840
469,2016,2,18,10163
470,2016,2,19,10354
471,2016,2,20,7318
472,2016,2,21,12095
473,2016,2,22,5691
474,2016,2,23,12037
475,2016,2,24,5521
476,2016,2,25,9441
477,2016,2,26,13499
478,2016,2,27,11098
479,2016,2,28,13763
480,2016,2,29,6931
481,2016,3,1,10959
482,2016,3,2,7299
483,2016,3,3,14198
484,2016,3,4,7761
485,2016,3,5,10903
486,2016,3,6,8791
487,2016,3,7,6450
488,2016,3,8,8557
489,2016,3,9,8028
490,2016,3,10,5986
491,2016,3,11,4226
492,2016,3,12,9401
493,2016,3,13,6604
494,2016,3,14,14811
495,2016,3,15,10613
496,2016,3,16,12730
497,2016,3,17,9133
498,2016,3,18,3536
499,2016,3,19,10968
500,2016,3,20,4373
501,2016,3,21,10319
502,2016,3,22,10350
503,2016,3,23,7152
504,2016,3,24,7425
505,2016,3,25,6009
506,2016,3,26,8178
507,2016,3,27,7401
508,2016,3,28,4266
509,2016,4,4,8121
510,2016,4,5,8311
511,2016,4,6,6893
512,2016,4,7,6272
513,2016,4,8,4298
514,2016,4,9,16849
515,2016,4,10,7444
516,2016,4,11,13047
517,2016,4,12,7419
518,2016,4,13,10310
519,2016,4,14,10100
520,2016,4,15,10336
521,2016,4,16,7848
522,2016,4,17,7142
523,2016,4,18,15921
524,2016,4,19,7623
525,2016,4,20,11002
526,2016,4,21,12870
527,2016,4,22,11027
528,2016,4,23,6422
529,2016,4,24,12477
530,2016,4,25,12689
531,2016,4,26,3598
532,2016,4,27,11626
533,2016,4,28,11017
534,2016,4,29,7973
535,2016,4,30,9379
536,2016,5,1,11400
537,2016,5,2,16196
538,2016,5,3,9148
539,2016,5,4,13322
540,2016,5,5,14078
541,2016,5,6,11238
542,2016,5,7,8495
543,2016,5,8,9450
544,2016,5,9,9726
545,2016,5,10,9020
546,2016,5,11,11507
547,2016,5,12,9569
548,2016,5,13,11569
549,2016,5,14,11104
550,2016,5,15,13665
551,2016,5,16,11223
552,2016,5,17,6216
553,2016,5,18,13108
554,2016,5,19,7211
555,2016,5,20,12475
556,2016,5,21,6178
557,2016,5,22,16926
558,2016,5,23,8735
559,2016,5,24,9967
560,2016,5,25,10617
561,2016,5,26,8419
562,2016,5,27,6864
563,2016,5,28,11572
564,2016,5,29,8978
565,2016,5,30,11884
566,2016,5,31,10748
567,2016,6,1,18570
568,2016,6,2,9995
569,2016,6,3,17859
570,2016,6,4,14268
571,2016,6,5,13595
572,2016,6,6,16978
573,2016,6,7,12650
574,2016,6,8,10625
575,2016,6,9,21831
576,2016,6,10,13859
577,2016,6,11,10723
578,2016,6,12,11607
579,2016,6,13,11294
580,2016,6,14,18703
581,2016,6,15,17854
582,2016,6,16,22103
583,2016,6,17,17413
584,2016,6,18,16566
585,2016,6,19,17610
586,2016,6,20,12308
587,2016,6,21,14828
588,2016,6,22,11203
589,2016,6,23,20415
590,2016,6,24,16445
591,2016,6,25,17667
592,2016,6,26,22523
593,2016,6,27,14540
594,2016,6,28,15441
595,2016,6,29,15082
596,2016,6,30,14445
597,2016,7,1,14614
598,2016,7,2,13386
599,2016,7,3,12833
600,2016,7,4,16893
601,2016,7,5,13826
602,2016,7,6,12060
603,2016,7,7,15510
604,2016,7,8,16973
605,2016,7,9,13980
606,2016,7,10,14556
607,2016,7,11,21049
608,2016,7,12,19476
609,2016,7,13,16503
610,2016,7,14,16793
611,2016,7,15,13466
612,2016,7,16,10081
613,2016,7,17,8942
614,2016,7,18,11298
615,2016,7,19,12227
616,2016,7,20,11336
617,2016,7,21,14637
618,2016,7,22,18735
619,2016,7,23,17974
620,2016,7,24,10510
621,2016,7,25,13941
622,2016,7,26,16738
623,2016,7,27,10925
624,2016,7,28,15648
625,2016,7,29,9634
626,2016,7,30,9639
627,2016,7,31,12784
628,2016,8,1,12563
629,2016,8,2,16205
630,2016,8,3,16646
631,2016,8,4,11743
632,2016,8,5,13144
633,2016,8,6,11256
634,2016,8,7,15851
635,2016,8,8,16873
636,2016,8,9,12523
637,2016,8,10,1776
638,2016,8,21,10683
639,2016,8,22,13921
640,2016,8,23,17041
641,2016,8,24,10774
642,2016,8,25,11398
643,2016,8,26,12440
644,2016,8,27,15531
645,2016,8,28,22095
646,2016,8,29,12248
647,2016,8,30,14754
648,2016,8,31,9380
649,2016,9,1,16026
650,2016,9,2,17000
651,2016,9,3,12689
652,2016,9,4,19505
653,2016,9,5,9214
654,2016,9,6,13916
655,2016,9,7,15671
656,2016,9,8,14497
657,2016,9,9,18360
658,2016,9,10,13084
659,2016,9,11,13819
660,2016,9,12,11869
661,2016,9,13,16483
662,2016,9,14,21937
663,2016,9,15,10108
664,2016,9,16,17311
665,2016,9,17,12476
666,2016,9,18,14883
667,2016,9,19,12480
668,2016,9,20,15682
669,2016,9,21,8408
670,2016,9,22,14889
671,2016,9,23,16811
672,2016,9,24,14597
673,2016,9,25,11678
674,2016,9,26,16925
675,2016,9,27,16639
676,2016,9,28,12684
677,2016,9,29,11123
678,2016,9,30,15724
679,2016,10,1,13518
680,2016,10,2,10391
681,2016,10,3,9264
682,2016,10,4,11997
683,2016,10,5,12033
684,2016,10,6,9603
685,2016,10,7,12972
686,2016,10,8,8992
687,2016,10,9,19169
688,2016,10,10,15071
689,2016,10,11,16853
690,2016,10,12,6948
691,2016,10,13,13482
692,2016,10,14,9185
693,2016,10,15,15391
694,2016,10,16,10957
695,2016,10,17,5868
696,2016,10,18,15076
697,2016,10,19,16319
698,2016,10,20,7648
699,2016,10,21,13716
700,2016,10,22,14890
701,2016,10,23,11242
702,2016,10,24,12503
703,2016,10,25,13988
704,2016,10,26,6381
705,2016,10,27,6485
706,2016,10,28,2235
707,2016,10,29,10901
708,2016,10,30,7427
709,2016,10,31,9463
710,2016,11,1,12627
711,2016,11,2,6512
712,2016,11,3,12841
713,2016,11,4,6887
714,2016,11,5,12043
715,2016,11,6,9199
716,2016,11,7,9879
717,2016,11,8,11831
718,2016,11,9,9792
719,2016,11,10,20996
720,2016,11,11,18219
721,2016,11,12,9706
722,2016,11,13,15647
723,2016,11,14,9692
724,2016,11,15,16628
725,2016,11,16,12671
726,2016,11,17,13306
727,2016,11,18,6701
728,2016,11,19,12786
729,2016,11,20,8645
730,2016,11,21,6244
731,2016,11,22,2892
732,2016,11,23,8143
733,2016,11,24,5230
734,2016,11,25,930
735,2016,11,26,6003
736,2016,11,27,3271
737,2016,11,28,2450
738,2016,11,29,4865
739,2016,11,30,12380
740,2016,12,1,7034
741,2016,12,2,4785
742,2016,12,3,3550
743,2016,12,4,5375
744,2016,12,5,6084
745,2016,12,6,5411
746,2016,12,7,5351
747,2016,12,8,6519
748,2016,12,9,3267
749,2016,12,10,4841
750,2016,12,11,1099
751,2016,12,12,4368
752,2016,12,13,3185
753,2016,12,14,4886
754,2016,12,15,3377
755,2016,12,16,3699
756,2016,12,17,5138
757,2016,12,18,4866
758,2016,12,19,8137
759,2016,12,20,9730
760,2016,12,21,5825
761,2016,12,22,7051
762,2016,12,23,5191
763,2016,12,24,5359
764,2016,12,25,7854
765,2016,12,26,4666
766,2016,12,27,6374
767,2016,12,28,2209
768,2016,12,29,4913
769,2016,12,30,2
